9.355029231807299173e-01 -7.697104343498663293e-02 3.683732357119330614e-02 2.573135322423276278e-02 2.254229231465535235e-02 1.763357561209841218e-02 3.413432710040738283e-02 5.457664910709088268e-02 -1.685329958143426399e-02 -1.798942730215831176e-01 7.050402181591672313e-02 1.289398104176960047e-01 1.044696124626233111e-02 2.058104010771395764e-02 5.939146822373521373e-02 -1.972049914480682176e-03 -7.020684608934735227e-02 -4.234662830853549303e-02 4.706927055833757395e-02 4.127663271694394231e-02 1.191426823328071150e-01 2.981753116412924967e-02 -1.706495319208211486e-02 -3.704324840511806147e-04 -3.080821367988228685e-02 4.512274160481034857e-02 5.087624624566412096e-02 5.558312251392048819e-02 1.865840996500080576e-02 2.297438781956032475e-02 -9.564306289396663774e-02 1.577124298511740907e-01 -1.192314638119597314e-02 2.115327335320404678e-01 2.462438532598688889e-02 -4.567291591598083289e-01 2.483053575357766635e-02 2.798311190524387926e-01 -1.927866813142654900e-02 -9.479917296170210783e-03 1.295404386413830621e-02 4.779098032320919232e-02 4.666580236368515072e-02 -7.447954270046343306e-02 -1.048317006657536934e-03 -5.268493851158735641e-02 2.594581849684211503e-02 1.247209292253994954e-02 -4.040814861021147820e-03 -3.939688528416929875e-02 -2.675386511226925806e-02 3.442288254009867599e-02 5.825641408365592189e-02 2.220794176607081005e-01 3.620692854416557999e-02 -4.922285727875166245e-02 -3.794483343357359928e-01 7.345585821216898958e-02 -6.540710930625005803e-03 -8.783929078008492243e-04 -1.282370094957457907e-02 2.497806263164383065e-03 -2.365270604521835587e-02 1.057708881558493651e-02 -3.863018476302636402e-03 1.771115081709844635e-02 1.484003068002080414e-02 9.378366003265130313e-03 2.642118817645546305e-02 3.813910144734326303e-03 -2.184969627276951883e-03 -1.179729034596039075e-02 9.602035819436261985e-03 -6.171612978668854221e-04 1.569524616897928666e-03 6.992721965238440744e-03 -1.822975336182414488e-02 3.800151214881097601e-04 -2.647633965284539297e-03 -4.127610158177840056e-03 -1.044395137448929541e-02 1.781798703945432216e-02 -5.592968218827099047e-03 -1.431969374628906840e-04 -1.824900997984020903e-03 2.410926500278726820e-02 -7.364829345600079624e-03 -4.207011654713161374e-03 -1.861234434201127982e-03 -4.044370527893383083e-02 -7.597114918361438408e-03 1.884460588160210984e-03 -7.661522096623039901e-03 3.023963981799137821e-03 1.732761317947063145e-02 7.995807918792039587e-03 1.426261746199492669e-02 2.519315934935209816e-03 -8.720057329487224639e-04 -2.054299387404614347e-02 -5.771818908742515006e-03 5.480145600566488535e-03 5.603230870725065677e-03 -1.121786646834842596e-02 -1.436852328229024003e-03 1.962724492812471279e-03
-7.697104343498663293e-02 9.909851288974479422e-01 2.882182526744716394e-02 2.316395822084166972e-03 -8.467015805879113052e-03 -1.822660101163058391e-02 -3.853204887962861924e-03 -4.426239103235438642e-03 -4.763694134120565740e-04 4.161522364482436731e-02 -2.340163882540245363e-02 -4.028830394741816923e-02 -8.026148027291037795e-03 -5.871377574375064544e-03 -2.462154269390207009e-03 9.775661658455734107e-03 7.862325772179211067e-03 1.237913413087127386e-02 3.269864012612752613e-02 3.849066305379327674e-02 -2.822467751488225325e-03 1.505349953635057303e-02 2.351357532342934591e-03 -1.716265761813088458e-02 -4.725156712912522740e-03 -3.569005806731109093e-03 9.572822156480606613e-04 -2.433397170104234855e-02 1.459143022220155302e-02 -2.241439999271801174e-03 -5.523534708994051051e-03 -1.463881260165714529e-02 3.127871402356131435e-03 -2.432929269157360630e-02 2.102185030854689801e-04 3.607135044978151267e-02 2.593347400661343352e-02 -2.565032738724308536e-02 9.948120663405269487e-03 4.250215471794449758e-03 6.625237187752845355e-03 -1.681609326856831760e-02 -3.132215615264020980e-02 2.964064303038600745e-02 1.075933756649137020e-02 -3.401615215827940783e-03 6.514214627504789391e-03 -1.550161816432576653e-02 1.657390126084461179e-02 3.454216226307999654e-03 2.434680305385145387e-03 -2.803852829819504684e-03 -2.487308926596982876e-03 -1.869627066900649698e-02 4.438892117508150617e-03 2.337305791146663744e-02 1.405094911750815606e-02 4.831626204877923110e-03 -1.584262316214240379e-02 -6.785264124912945838e-02 -5.157449753982924767e-02 1.168468402116960708e-01 7.859442783763275972e-03 -5.552024201100987794e-02 -1.184617644081952491e-03 -3.914979497549583853e-03 -4.074836908885369827e-03 1.614928672577272545e-02 3.036861592631840204e-02 2.194513786910220077e-03 -8.317319474889629891e-04 3.126656246187459881e-02 -5.674039497182358296e-03 3.467723086829246296e-03 -9.632409690449070076e-04 -1.048845544773116534e-02 3.042744526862185828e-02 7.288543651017095892e-03 -1.158612702131725340e-02 1.256741973514544780e-02 6.456956373558416645e-03 -1.918084211409022254e-03 -1.222999669730278835e-02 -3.107330978357422148e-03 -1.389637310518525813e-02 -3.022916915303861841e-03 1.041899720373841952e-02 -2.965405070283392338e-03 5.863799615675035527e-03 1.346216039388851982e-01 3.048664160127653386e-02 3.147188502022617036e-03 2.815743170484778790e-02 -1.636406251296714659e-02 -1.414922520623140400e-03 -1.580993056902633975e-02 7.397453233561088887e-03 -3.833292626538926072e-03 -1.235877905450882136e-02 2.328182893896529534e-04 -4.927913772514375731e-04 7.173313707617375891e-03 -7.473211971854974711e-02 -1.297062859279696917e-02 6.401922194849315496e-03 3.181603118916383980e-03
3.683732357119330614e-02 2.882182526744716394e-02 9.519070355365691904e-01 -2.531359432732362916e-03 1.044513781473372684e-02 1.814094357647146327e-01 -1.066120771170244591e-02 -4.116417030210774153e-02 1.629400908311657691e-03 -2.114248103464552025e-02 5.395973948844381973e-02 1.017997981928876194e-01 -2.432587190853113812e-02 1.054237605203249220e-04 -4.708353079896854948e-02 1.821194206672789931e-02 4.376817815521183430e-03 7.518427385118611750e-03 1.432363821573914321e-02 2.453061028519218020e-02 4.082472847374621350e-02 2.523340271345565419e-02 -2.304977924818321991e-02 -1.688826726275381371e-02 -1.082510526982213665e-02 8.439334967241174032e-04 3.749249447405769708e-02 -2.840452848848178113e-02 5.606903127673772483e-03 1.731456584545245508e-02 -4.601019578634300139e-02 -2.014559244223728673e-01 -1.460431781198773954e-02 3.351411994379743242e-01 -2.661159414243851121e-02 -1.007036756282818774e-01 -9.342870020083741955e-02 -1.783078091978438917e-01 -2.463351684191404933e-01 1.342656229604738231e-02 2.249330090469817411e-01 -7.431863198692729294e-03 1.097635647208971832e-01 1.119246615246308751e-01 4.787250794489748829e-02 -1.217108996286541539e-01 -7.805995569151866209e-02 -6.925103363924435540e-02 6.307480588346978112e-02 -1.718325230800446177e-02 -2.105691071918648974e-02 1.380512119800600679e-01 -4.690462118050641588e-02 4.925720821881180989e-01 -1.285477906309098195e-01 -2.470035036897885727e-02 -5.128750028690182844e-02 -2.906161866710668118e-01 -3.450046967641069995e-01 -6.693127714443190476e-03 -2.039049076356170328e-04 -9.607656313121666625e-02 -6.054626480771267000e-03 8.388253816889715275e-02 7.702843274060046375e-03 1.860430386482200566e-03 3.990235375483369186e-03 -1.680327450979180771e-03 -1.052711055419636166e-02 -1.473165319630034484e-02 1.194006743031114344e-03 3.178347183849864789e-03 -4.223146424294972959e-03 -5.385496417605353109e-03 -1.542993412700363262e-02 6.879446705163194328e-03 9.135394758836540285e-03 -3.856402951167558005e-03 -9.821273222498769565e-03 -4.899654174968135281e-03 -2.032319984992448541e-04 -6.177214568538511724e-03 2.218967935047514578e-02 9.468900595780170570e-03 -1.547177652249408838e-04 -5.842897492670106208e-04 -1.409131742681909993e-02 -4.752690730790269831e-03 -1.892946132372517846e-04 4.395125189224371315e-02 4.025512278421394634e-03 -3.240404208010709466e-03 -5.323205358891174716e-03 -9.560100947217747142e-03 2.088450570923089996e-03 1.140468739005803984e-04 -9.361803383354015337e-03 -3.732206951901748462e-03 -3.915061809854003365e-03 1.985005173226619870e-03 -8.503806851469241507e-03 -1.128378881273937526e-02 -1.684434109948313926e-02 3.399868740908430428e-03 5.912924576311030973e-03 1.429060001536274459e-02
2.573135322423276278e-02 2.316395822084166972e-03 -2.531359432732362916e-03 9.434832219666751119e-01 -6.343085398221899596e-02 2.529778425906312189e-02 -1.908564668262729275e-02 -1.650981600817954392e-02 -2.873328167077312894e-04 -2.145497378600611307e-02 6.362129166762484078e-02 2.731413363940605327e-02 -1.299230122354591219e-02 1.079003185099205531e-03 2.931735020351935832e-03 -1.783072830223710221e-03 -3.607251291581185532e-03 -2.257155895008666410e-03 -1.375592867493755133e-03 -2.186301022465669819e-03 -3.313643011752687162e-03 -1.831251398134320103e-05 -1.175422601513741519e-02 -1.116022681835236383e-02 2.275028334753000179e-03 2.514555025379608399e-02 -2.035619851639013447e-02 1.075627166206758953e-02 4.312077713031022344e-03 1.404015071766994138e-01 -2.050135399133476422e-02 1.066821942995942706e-02 -5.241161750241069180e-03 -1.522998651778955694e-02 4.311756155191217438e-03 5.205684052418418049e-03 3.858537412276191042e-03 2.720725727410228632e-03 -7.634895746860137153e-03 -1.374439389188069011e-03 -1.995320847840314354e-02 1.360865090892365847e-02 -7.259781592596501257e-05 -5.938211759831701561e-03 -9.902737457337714572e-03 -4.649697147783361448e-03 9.952298622787824831e-04 4.541504250261967079e-02 -1.334439692259909750e-02 4.823188978834960089e-03 -1.591503278958507003e-02 -1.507482345955281008e-02 2.909172344993739539e-03 -1.230142470902709576e-02 1.661080013002060041e-02 7.680156356946294619e-05 -1.967055366746395511e-03 3.603025896366688491e-03 -7.665002807707681741e-03 6.977404247604028194e-04 1.043081125862079482e-02 -2.486679564589130975e-05 6.220189687204279692e-03 -6.919933088643175773e-03 -1.270212785440722608e-03 1.922834380267705347e-03 -4.127316840705482458e-03 -5.602233662572082568e-04 -5.500408103021540117e-03 8.230129844098706821e-03 -1.243997728716390990e-03 7.916401573567512489e-04 -4.163512395354704992e-03 -4.602876742054325641e-03 -4.326529703005224312e-03 -6.960225525194762685e-04 -5.931588953065271459e-04 -2.547674801107894203e-03 -1.514237377564089460e-04 -1.224226341383726976e-03 -4.864248690305259838e-03 -1.014049541320955015e-03 1.662155499143636375e-02 -2.564915002147778993e-03 -3.256827654856886065e-03 -5.876362773864909211e-03 -1.044228731819976056e-03 7.554730192114154398e-03 -1.484843965090077312e-03 6.988206115889504435e-04 -2.541339143162401519e-04 -4.105548912242189762e-04 -1.542582798921610099e-03 -3.034305158982180013e-03 -7.401189755738317921e-04 -1.017652011064181222e-03 -2.050302008618099230e-03 -1.845551565276630154e-03 7.981726833864605589e-03 4.572371139852012337e-03 -2.584222868131647033e-03 -1.257766718031894364e-03 -4.524747316823391277e-03 1.635254747542618133e-03 -4.287524028855415476e-03 1.247683627402450778e-02
2.254229231465535235e-02 -8.467015805879113052e-03 1.044513781473372684e-02 -6.343085398221899596e-02 9.518277504012102597e-01 1.902957282135416331e-02 5.686437312002647591e-03 7.390076200320933215e-03 -1.840635308428940561e-03 -1.909954129463651076e-02 1.429019600290410211e-02 2.052908289962533314e-02 -2.549757056157878413e-03 -2.752321253912286443e-03 -6.624077546158907946e-03 -2.955288086123632023e-03 -5.809099760078096676e-03 -7.748492761159481851e-03 -5.985987085702603990e-04 -4.828677327338459259e-04 2.305476334324987712e-03 -8.212534566456018009e-03 4.292230028381243713e-03 -1.008922849678154515e-02 7.005611882667482637e-03 2.980853659068418912e-02 -9.855684894715156102e-03 2.057208020703515244e-02 1.962786795549870122e-03 2.738405198813306796e-02 -1.205624769694881027e-02 -2.923624565565092689e-03 -6.427285467719570135e-03 1.406969830312573833e-02 -3.116625728554669756e-03 -1.254565915318607734e-02 -4.349446452040443140e-03 6.776950785559478045e-03 -1.158235731667771502e-02 6.197871066571335012e-03 -2.370984976283446038e-04 1.877467112996353965e-02 -9.394734015372003220e-04 -8.091834879496613564e-03 -3.175259897575892238e-03 -1.626513926490081099e-02 -8.667579846181251713e-03 1.953878629651423227e-02 -1.015025115195276884e-02 5.229920754619916783e-03 3.079951230339452849e-03 -7.056172027305749120e-04 -6.726106606255459822e-03 1.454452398136902441e-02 9.396677704180064067e-03 -2.595139864305602995e-03 -1.651009231586651402e-02 -1.617825329648909724e-02 6.551938321536635631e-04 -7.781919422605315315e-03 2.973955645915839826e-03 -8.352788747506161016e-03 8.737968880581405140e-04 7.452966763582005022e-03 6.074986451423067431e-03 5.525512180014096296e-03 1.329219868204392987e-02 -2.887048123427546093e-03 -1.172287299570862846e-03 -3.475965818859141649e-03 -5.445908517586576202e-03 -4.083296774407363036e-03 -2.450087965301119518e-04 -7.863043837154642599e-03 -1.153280006173791530e-03 1.236833820803662221e-02 -6.725518985479958696e-03 1.185035671086677412e-03 4.029315358205047548e-02 5.213624513689237017e-03 5.621332516076503298e-04 2.491859607127536961e-03 2.318049594198302518e-03 3.320923767260932670e-03 3.347023186625356847e-04 -8.882085500840953413e-03 -8.861165189470497291e-03 -7.748713607224250871e-03 -3.909046996148023666e-03 -1.319936327822161977e-02 4.499253641075362867e-03 -2.629987891721314707e-03 1.901984583576594827e-04 -1.682557473373846955e-03 -3.578825082130328034e-03 -4.860068748234805218e-03 -5.595843231927630397e-04 -4.230860130398007846e-03 6.824429942948356462e-03 3.003733939956932785e-03 -4.071572358666532103e-03 4.754630281368675895e-03 2.559870283066715581e-03 3.615264714652187232e-03 -6.467165205004563218e-03 1.113610188863111902e-02
1.763357561209841218e-02 -1.822660101163058391e-02 1.814094357647146327e-01 2.529778425906312189e-02 1.902957282135416331e-02 9.409297607684123932e-01 3.228635839545041658e-04 3.020380153001812201e-03 -1.426861810299399902e-02 -5.298765636087844275e-03 9.377613758195194049e-02 8.972455119611627561e-02 -2.643643273061897087e-02 -8.915691713298827883e-03 -1.468204437890681391e-01 -3.278799011452290801e-02 -8.421134389534029596e-02 -3.528079473448711423e-02 -4.165928108190502729e-03 -2.911876640734924193e-03 1.337225922332798073e-03 -1.126249277008274652e-02 2.164623947940810984e-03 1.908540676383772144e-02 3.223970445831068204e-02 2.981733953299812653e-02 3.795142666119989683e-02 2.431721440550589294e-02 -7.568104089407032969e-03 4.302892094914565618e-02 -4.984082776502410383e-02 5.155940605758202455e-02 2.322981524489840018e-03 1.129892823733911200e-01 5.385613667278088719e-03 -1.271159529739646632e-01 1.798233513472422126e-03 -8.743721177176171089e-02 -6.398820149641203103e-02 1.510452124055875617e-03 6.075633947823047554e-02 8.956356241828086762e-02 1.084713318540373450e-01 -2.305704819679510117e-02 2.270385604045140754e-02 -1.186549661885664408e-01 -2.953255475985546233e-02 1.611553009496576733e-02 2.187462295998496287e-02 -5.047773972819500493e-04 -1.978212375513821800e-02 8.602531678694275152e-02 -1.474516361444383195e-01 1.572795612836702106e-01 4.970783775727538600e-02 -2.965128652927362732e-02 -1.982341096205245123e-01 -5.131822741273684221e-03 -9.580519576719898067e-02 1.862485235389256359e-03 -4.792716117487071971e-03 -3.502727185958522810e-02 -3.402469181954835293e-03 3.202321509721805376e-02 -2.934451664646591483e-04 1.295585882891880404e-03 -8.580434044830727303e-03 -3.772481214731187313e-04 -5.503515286436002144e-03 9.846815000176834323e-03 -7.135495488600461251e-04 -1.199145093093527577e-02 4.178055383745631589e-03 1.002780617842748134e-02 3.201374729242835275e-03 7.984392502562425581e-03 5.958946301677001643e-04 -8.287238774852705159e-03 6.967604016708071196e-04 -3.844564314198778508e-03 5.106487711252483391e-04 -8.685753901845352787e-03 -1.035712584203546480e-03 6.759136823046863959e-03 3.861246875567790615e-03 3.402081175376390435e-03 -3.793167178013518923e-03 1.092160080403864822e-02 -1.724033895508193456e-04 1.577729138120162120e-02 -8.194508382618937922e-03 7.093394181487227418e-03 -1.105919929719218452e-02 -7.272143253726342030e-03 -8.228442418003127645e-03 5.781264406809655775e-03 -3.422597778848040194e-03 1.150266546727382816e-03 7.289559185401381022e-03 -9.019876211061254867e-03 7.012876519017639983e-03 -2.135902180095135272e-03 -8.426911657186314519e-03 -7.688553833296266071e-03 6.493877777740662133e-03 1.135877729016186201e-02
3.413432710040738283e-02 -3.853204887962861924e-03 -1.066120771170244591e-02 -1.908564668262729275e-02 5.686437312002647591e-03 3.228635839545041658e-04 9.916259160242593129e-01 -4.765506660939383687e-02 -1.990527813875579959e-03 -2.572709528023174319e-01 -4.035217200685645850e-02 -5.186635346616529779e-02 -3.575775133653200100e-02 -2.976457087151262396e-03 -3.675456469735444848e-02 -1.924013426122481857e-02 -1.846838704153827906e-02 -1.214085993660564237e-02 -1.057806154838779322e-02 -1.260244755993691380e-02 -1.845615088963032183e-02 -1.344068688927792243e-02 1.984251394296634996e-02 -1.810142033586679706e-03 1.657368063154153470e-02 -7.227815022002852946e-06 -1.161380420698425453e-02 2.634868494886184395e-03 -5.416274576924985651e-03 3.901898196817590869e-03 2.301013621517791763e-02 2.411388699282516340e-02 1.737549995161559446e-02 -1.375704896110943251e-02 2.583995809474858626e-03 -7.671089033937299011e-03 -1.100402284813896533e-03 9.352503788680688324e-03 1.203978997951478946e-01 1.011842817915292181e-01 -3.146896320595650443e-02 1.922669396763837524e-02 -2.025834360597885200e-02 -8.518277496544051849e-03 -2.811115930363938115e-02 -2.974669647201929820e-02 -9.262232677529671707e-03 1.835708927914137673e-02 1.053965273919698145e-02 -5.461365995863837197e-02 4.437447885540074521e-02 -1.766162528572876381e-02 -3.681539190017511787e-02 -7.393183792719463208e-03 2.381237874326039977e-02 -2.932667699681664082e-03 -2.854769099932804449e-02 2.100173658679521660e-02 -1.115644770407145207e-02 2.170981029851701619e-02 1.509862388696240482e-02 4.919495456861588262e-02 1.826332524433587224e-03 -5.508545141026355285e-02 3.672051065260277178e-03 -4.155226349167935596e-03 -3.769868111484439739e-03 3.438984867962169116e-03 -1.889261325922841602e-03 -6.935830216107671288e-03 -4.860050890573823328e-03 -1.343117092519197607e-03 2.091452341572774126e-03 1.271478048543724527e-03 7.209271115659063658e-04 -4.667427769860907696e-03 -1.951195275072394736e-03 -5.462822158810528954e-03 -1.049003608913351556e-03 -2.584534822602745346e-03 -4.808187549570380748e-03 -3.863009912150860634e-03 -4.050206446452360096e-03 4.234339609665860489e-03 -4.499550553458929458e-03 -5.101076888236893286e-03 -8.072803717703771337e-03 5.858843439992387873e-03 5.815888142561963930e-03 -1.940397319370706225e-02 1.589178579791448260e-03 -2.844161483078036338e-03 -4.801937521178785938e-03 1.408218998504233085e-02 -1.860804230709125389e-03 8.421409824300378315e-04 1.119683628946719495e-02 -3.445572385589716451e-03 -3.977370543762077937e-03 -7.978178037503601619e-03 -3.457772028139631700e-03 -3.638115051783427298e-03 1.106391182946561691e-02 1.715196842174639916e-03 -4.834598487101331339e-03 2.325650513196695496e-03
5.457664910709088268e-02 -4.426239103235438642e-03 -4.116417030210774153e-02 -1.650981600817954392e-02 7.390076200320933215e-03 3.020380153001812201e-03 -4.765506660939383687e-02 1.007585406634823322e+00 -3.525684719750544604e-03 -3.980824632188588175e-01 -5.343674855764174447e-02 -7.730703797144120037e-02 -5.384633933372193204e-02 -5.271993286407553048e-03 -6.067530229634292283e-02 -2.117382957630432189e-02 -2.215766406346780099e-02 -6.264547174455863468e-03 -1.242692017485197073e-02 -1.262889448763386199e-02 -9.120135984593227829e-03 -6.492579944796519724e-03 1.329547526508504697e-02 -2.742065233854295431e-03 3.859724392577398855e-02 -1.289775630615615232e-03 -4.283862740885499565e-02 1.247073733856232519e-01 3.926133188400023066e-03 -1.267560459258366273e-02 -2.424716887846768351e-02 3.087336355367856222e-02 -6.551352565231984351e-03 2.956800663215096870e-03 -4.258061477856504851e-03 -3.112384863821362688e-02 3.118901272434287356e-04 1.838490332871212454e-02 1.793963096235791366e-02 -4.464611659423346063e-03 -4.559614538408133383e-02 -2.397343868537441317e-02 -2.209993383526085917e-02 -2.290087305828323455e-02 -5.894263532978950837e-02 -3.146902350563839275e-03 -1.632038294531330466e-02 1.620623111868237654e-01 2.382078409404430608e-01 -9.215947964909908252e-02 -1.922027070132171708e-02 6.191508413270119596e-03 -6.079044594624958414e-02 -6.324051331771591775e-03 3.900022125819331033e-03 -1.289877633238601350e-02 -3.215660979240216044e-02 3.342007077268130399e-02 2.359066982055211051e-02 2.302145189413427537e-02 -1.962767522283572277e-02 4.334815974879591138e-02 -9.073220123873956128e-03 -3.062514236121584993e-02 -6.964849040078490393e-03 -4.260942295438142034e-03 -3.571219007494758763e-03 -1.081338855878453790e-02 -6.499172858293734804e-03 -2.920172416921472131e-03 -3.231350507092123521e-03 -1.786427042421637971e-03 -7.974869828546791821e-04 1.318476545977001089e-03 -1.451942802887067063e-04 -6.755855408611411914e-03 -1.633290011316563053e-03 5.156221965662424050e-03 -1.858027789979173599e-03 2.598725887365118531e-03 -1.449310924287337734e-03 -5.932470875236623212e-03 -1.108009334819391734e-02 -2.531026121122298411e-03 -6.882926381492337001e-03 -7.660405660703754199e-03 -1.176097812373126748e-03 -8.442250567980695564e-03 7.551685694560366507e-04 -2.160145370075018320e-02 -3.916066059485470534e-03 1.379039084156099930e-03 -3.577052491723652083e-03 -5.506116060186984004e-03 -6.118145838230111154e-04 -3.942424057984184223e-03 -2.821671700581351167e-03 -5.237483014512310867e-03 -1.270966829162723313e-02 -3.705243401952930567e-03 -5.400382636481846840e-03 -2.669223166325025015e-04 3.520585375695965691e-02 -3.378696396455542917e-03 -4.925724599350407226e-04 -1.509741383005825874e-02
-1.685329958143426399e-02 -4.763694134120565740e-04 1.629400908311657691e-03 -2.873328167077312894e-04 -1.840635308428940561e-03 -1.426861810299399902e-02 -1.990527813875579959e-03 -3.525684719750544604e-03 9.999423497953875417e-01 -2.233138479796653586e-02 -1.554049655523412300e-03 -3.864054229439212867e-03 -2.782858658806766985e-03 -4.026274844748933281e-04 -4.013797025311854547e-03 2.568432715872524114e-02 9.215160271579366652e-03 -2.006489689939459919e-03 -1.339647363546324571e-03 -1.782959134140368277e-03 1.468005661434057703e-02 -2.220908669523687963e-03 -2.617908491658852907e-03 -2.947820282906138487e-03 -4.908813829374947778e-03 -5.564982119325583053e-04 -5.817265077103624116e-03 -1.967485777342810067e-03 -7.326633458094717038e-04 -6.938430647092790364e-04 -2.491183695990272038e-03 2.299016466766698886e-04 -2.567040453909142403e-04 -4.834135592405113500e-03 -2.011784000517684388e-03 7.771960331196403268e-03 -3.180918008850314171e-03 -3.093162362116905467e-03 -5.953969390326830681e-03 -2.931483033265981793e-04 -5.557608404529491841e-03 -3.648991171337483564e-03 -2.912093756288773941e-03 -3.644353630218159692e-03 -4.242690378708207505e-03 -6.048367001257484374e-03 -1.234471304292401178e-03 -4.013610873543031234e-03 -1.842551033575614075e-03 -4.905647438502006366e-03 -2.204657047347634551e-03 -3.470726499603482649e-03 5.744218601604675345e-02 -8.587355592560996440e-03 -4.451946930674596445e-03 -3.171923136942001245e-03 1.839205881022106318e-02 -6.084116893818172778e-03 8.974117580748165041e-03 -1.644247180398390176e-03 -2.563251744361897105e-03 2.735563690195785824e-03 -1.534566205958296002e-03 -1.726485201455747959e-04 -3.218867353284556921e-04 -7.165726277614134455e-04 -6.431458881255597716e-04 -7.856249611127046799e-04 -7.499682521392400962e-04 -8.817727595737999760e-04 -4.867411523371071832e-04 -9.474990517296329228e-04 -6.934298356470304861e-04 -3.914735841203591618e-04 -8.322231629358485061e-04 -3.042198211173582391e-04 -8.175613374292768631e-04 -6.067099544702412141e-04 -1.418994703755094213e-04 -2.856227370723430714e-04 -3.368933759000691027e-04 -3.255997155681567955e-04 -6.707925353494883971e-04 -4.436331918239413063e-04 -3.733877023865557455e-04 -6.099604536829475411e-04 -8.416373683607760239e-04 -5.034666890472832548e-04 -3.551370122287326190e-04 -2.551104103944535056e-03 -6.084396422348052743e-04 -3.847317632477720859e-04 -5.651526719147838751e-04 -1.060695706946509966e-03 -6.242918972450920432e-04 -5.204251337826446087e-04 -9.327752546769279294e-04 -2.787421046364714256e-04 -7.286214974140280869e-04 -4.755241644479617680e-04 -3.109785008309445364e-04 -4.370533988104635670e-04 5.180479446872141708e-03 -9.188847390340091400e-04 -2.959475101905421749e-04 -1.936533764667700301e-03
-1.798942730215831176e-01 4.161522364482436731e-02 -2.114248103464552025e-02 -2.145497378600611307e-02 -1.909954129463651076e-02 -5.298765636087844275e-03 -2.572709528023174319e-01 -3.980824632188588175e-01 -2.233138479796653586e-02 9.860349881917482850e-01 -2.701577269683865801e-01 -4.345142759843012570e-01 -3.051222122111161283e-01 -3.339235356797710247e-02 -3.675520400970184176e-01 1.232506422282593321e-02 2.855915462942913360e-02 1.578654621429861557e-02 1.506246798550339369e-02 1.586671500461068682e-02 -1.665190225434060728e-02 1.330509458575419336e-02 -5.690280119368741271e-03 1.325399845826428537e-02 -1.623730238506030168e-02 -5.140082961958348379e-02 5.495801555301615959e-02 -8.237245338925805460e-02 5.766905047428518699e-03 -6.183143356972675003e-02 -1.273919751887717111e-03 -3.085284438857153078e-03 2.776205278679627457e-03 -5.935152529275144334e-02 2.049487955097922635e-03 7.874507410326998802e-02 7.421413658048845417e-03 -4.608733020540149716e-02 3.608385682668030503e-02 -2.698589069049399033e-02 6.913159271057114919e-02 -1.507083880115079981e-02 -9.844456698473152967e-02 9.655695934861144303e-02 1.380291492084179394e-01 8.669235563454286142e-02 4.040139658813376999e-02 -1.020529348323594709e-01 -1.245092795249794770e-01 8.612183155067214269e-02 3.845213878570463706e-02 4.546848732079641908e-02 -3.683093925004253255e-01 -5.519511629754284693e-02 1.728976860928316608e-02 2.757830002168529943e-02 4.287612462176638300e-02 7.306263369325716184e-03 -1.413385934922587947e-02 -2.039674211715648833e-02 -7.459178088472453875e-04 -8.641329147750013290e-03 1.340316370577770456e-02 9.795236717874343871e-03 7.974360087418991966e-03 -6.111742504064548651e-03 -1.586501902440597004e-03 5.448380766156509826e-03 3.499403313667949142e-03 1.523791165972453870e-02 1.204251598695120842e-02 1.268215029374771506e-02 -5.183485569141908344e-04 2.881717647360446718e-03 2.937773008644660802e-03 -1.976044572821801862e-03 1.969375174740226400e-02 7.314755764275758174e-03 4.599480272507712984e-03 -4.039370346877282567e-03 5.554842896953045631e-03 -3.281043893873978831e-04 2.530745830520300145e-03 -5.848395040654239679e-03 1.435779866978106542e-02 -4.501354189328441759e-03 1.503829701969630617e-02 1.545522232252324706e-03 7.193143482277183400e-03 4.498691367948359082e-02 6.544909521057178971e-03 2.229320320313415461e-03 1.043564874685960417e-02 1.451282756739667029e-02 3.212357301800966482e-03 1.065958616334198184e-03 6.107771551885608080e-03 2.256546663739933574e-03 -1.741946668461141767e-02 -1.455558403129135481e-02 -1.570425154937089276e-03 -4.298182150545802604e-04 -4.066282989899539652e-02 8.299038949303796930e-03 6.879548040656025508e-03 3.059889385720966117e-03
7.050402181591672313e-02 -2.340163882540245363e-02 5.395973948844381973e-02 6.362129166762484078e-02 1.429019600290410211e-02 9.377613758195194049e-02 -4.035217200685645850e-02 -5.343674855764174447e-02 -1.554049655523412300e-03 -2.701577269683865801e-01 9.603458887252109832e-01 -5.801000115274433655e-02 -3.933253731459986080e-02 -2.323786725673267998e-03 -3.401925715887488960e-02 -1.876168108143008544e-03 -1.033636833166734319e-02 -5.816758835649768131e-03 -3.508902368513797977e-03 -5.113151755302656164e-03 -2.454305790501386513e-03 -6.853369064064944970e-04 -5.716597421570942129e-04 -1.068239778354099744e-02 1.247654056916614254e-02 8.287057794638287914e-03 -1.017598178459066562e-02 -6.202572840441749127e-03 -4.228606896025134503e-03 5.890397731478929505e-02 -1.069781949040137826e-03 -6.767368282230420626e-03 -5.746176984195089550e-03 4.674492803768682397e-02 -6.851657996019548669e-03 -4.308472391964487946e-02 -3.892754825339888886e-03 5.155109511248593540e-03 -3.744202460880609318e-02 -2.528959684521950302e-03 -1.815417174916611129e-02 1.052353114597747441e-01 2.419212479635754476e-02 -2.478669278190315239e-02 -3.054970772022862907e-02 -2.655962322474884896e-02 -7.333698327468888417e-03 -1.841189384623279079e-02 -2.568947981380083692e-02 8.530041929157705649e-02 -3.276254046355918381e-02 -1.785442167317571188e-02 -3.405783816378080836e-02 5.826447440760881835e-02 -1.930539152356915145e-02 -1.230894514151103895e-02 -2.105030027374699131e-02 -1.748770103544544999e-02 -2.361335813973426331e-02 -1.092853926548503947e-02 1.035150036254380707e-02 -3.709123736685208950e-02 -6.411820900556488255e-03 3.060545462990892085e-02 -5.534171379066192553e-03 5.798896086889993896e-03 -4.678058149720967958e-03 -5.238035083977317548e-03 1.417988451944584075e-02 -1.664419513916342739e-03 -4.742904183942286793e-03 -4.500596425620783346e-03 -3.880082930401276831e-03 -6.993581635796554744e-03 3.858146980040839079e-03 6.316338601516613763e-03 -5.756118390819305042e-03 -2.384657658131513792e-04 -8.189806169560447059e-04 -2.373420742359172182e-03 -5.496196157484267014e-03 5.344131801493472514e-03 9.861793211917069604e-03 -3.526559663393679690e-03 -4.820399856668046781e-03 -3.069520328462579679e-03 -3.687664187024677215e-03 -1.071139385932948608e-03 -3.401742089052682029e-03 -7.007484817763892648e-03 -3.974923494844062426e-03 -2.220500583924433363e-03 -4.218078282626025986e-03 -1.172033405629648722e-02 -2.312050968942182087e-03 5.882131453320754710e-03 -8.017028610734847072e-03 -3.731184740230793564e-03 1.463893838396567587e-02 1.598677201346239765e-02 1.900441917114529394e-02 4.785408711747738547e-03 -7.089322929257282566e-03 -2.605516698339437921e-03 2.829370492715338036e-03 2.530986959073583398e-02
1.289398104176960047e-01 -4.028830394741816923e-02 1.017997981928876194e-01 2.731413363940605327e-02 2.052908289962533314e-02 8.972455119611627561e-02 -5.186635346616529779e-02 -7.730703797144120037e-02 -3.864054229439212867e-03 -4.345142759843012570e-01 -5.801000115274433655e-02 9.846258474885039025e-01 -5.872201818037837973e-02 -5.777960758033985796e-03 -6.636224288460843002e-02 -1.366737602077117576e-03 -1.434495391592105484e-02 -1.331935363384095100e-02 1.333358448613888858e-03 -3.676140487897751764e-03 3.610610263392453195e-02 -5.586747093354997758e-03 -6.854411486565294490e-03 -1.354194804046859879e-04 -1.289337843174064718e-02 1.015016785714799134e-02 1.556781786096116810e-02 -1.017857200565343810e-02 -1.051418550440946786e-02 7.394025087792807649e-02 -2.106249307207429949e-02 -1.441543427329994125e-02 -2.530402212908667431e-03 1.021770666460946192e-01 -2.796096889999166897e-04 -9.115742697212823875e-02 -1.467754502957978671e-02 -2.595860886278893338e-03 -8.550801732593824034e-02 -4.882585987939449049e-03 7.322771531462840544e-02 2.061808966912233310e-02 2.356122720789808889e-01 -4.866577776804212330e-02 -5.565587327733975687e-02 -2.771089456418721411e-02 -1.788407242939605082e-02 1.069903139980616855e-02 -3.838007444891081837e-02 3.418058023223539965e-02 -3.168512031864738343e-02 2.269682016510544964e-03 -6.648866512132654838e-02 1.070264934182461880e-01 -2.811801709398396507e-02 -1.618735939485381470e-02 -6.687068383392322235e-02 -3.898548306651331702e-02 -5.879928171209778537e-03 -1.934098548485478804e-03 -6.416973440338565385e-03 -5.376412604847963239e-02 -1.387909926898142632e-02 5.225140905783836470e-02 -2.304169113403849254e-03 3.669738893668755397e-03 -2.891296160359352330e-03 9.394958760806660855e-03 3.389044252899526318e-03 -7.657015967308379752e-03 -4.378048164120216384e-03 -6.498540969490584733e-03 6.584510301419441505e-03 -3.690009854016153105e-04 -9.129069737188511696e-03 1.660873962506327975e-02 -1.257008969195633902e-02 -9.916184315679079861e-03 -2.036347748301423847e-03 1.566291481626092344e-03 -7.701917100231998881e-03 1.276425157886916344e-02 -3.850473013213311178e-03 1.764513657108563935e-02 -2.913871593267875967e-03 1.787466928308636266e-02 -3.498340123428174322e-03 4.812123169161826655e-03 -6.187919834789289836e-03 -1.529996967759581286e-02 -1.116674499717953007e-03 3.075439285033320746e-04 -6.373192977871480367e-04 -1.546587519417610621e-02 5.094959103986470943e-04 -1.594930264612292193e-03 -5.191055544359912156e-03 3.863121722306626579e-04 3.308804837416670641e-02 -8.876516749034229700e-03 -7.924431243428948016e-04 -1.395851892150763024e-03 8.786534513507518115e-03 -2.533666768611861613e-03 -1.692778283564891221e-03 -2.041619275608321914e-03
1.044696124626233111e-02 -8.026148027291037795e-03 -2.432587190853113812e-02 -1.299230122354591219e-02 -2.549757056157878413e-03 -2.643643273061897087e-02 -3.575775133653200100e-02 -5.384633933372193204e-02 -2.782858658806766985e-03 -3.051222122111161283e-01 -3.933253731459986080e-02 -5.872201818037837973e-02 9.832125992847301488e-01 -4.161237697764607300e-03 -4.719340409600689817e-02 -2.111113594288559908e-02 -2.656486096258791826e-02 -9.299359988764329191e-03 -1.195075725807749449e-02 -1.275337898180745923e-02 -1.837911510246000718e-02 -1.750975789482756353e-02 -1.641501701242707636e-03 -4.888642622454723516e-03 1.890308869117511212e-02 9.676317797935085618e-02 -4.816712878902785350e-02 6.935419083541873031e-02 -3.372405872116392752e-03 4.614706169270383837e-03 1.550973136272145586e-02 1.791080533868778454e-02 -4.896696932333672800e-03 -1.036821154999863909e-02 3.900724468786900194e-04 2.954791613987710515e-04 4.321232693588073631e-03 -1.020472994707464012e-02 5.262103216643784082e-02 -3.470114465659626148e-03 -5.222297759028812769e-02 1.003428658264513690e-02 -2.068130936668589187e-02 -3.460515506362459720e-02 -4.208687887313233844e-02 -1.833159373889657736e-03 -1.286840584527457372e-02 1.164851557178722685e-01 1.008128116564191157e-01 -6.672813081433145999e-02 1.552274958533976859e-02 -1.871745451510292702e-02 -4.728545639092739117e-02 -1.174692070081401196e-02 1.742449449110115844e-02 -1.415287384212240637e-02 -1.278629179691968300e-02 1.528450623738330724e-02 2.512792753175920740e-03 3.275321655804610578e-03 1.027266546791573074e-02 2.110542824396475364e-02 -1.019374909782042385e-02 -2.099839121041252935e-02 -5.260914966651335581e-03 -3.321102051762491250e-03 1.513802778829654791e-02 -4.339641108318696011e-03 -1.094916686636536116e-02 -9.449707959293751972e-03 -6.047865337270089819e-03 -1.102729350662961204e-02 -4.161119436378341030e-03 -6.536611566391506076e-03 2.205092579442870498e-04 -5.094033203155122480e-03 -8.995503528400483270e-03 1.776839796759114524e-03 -1.466560153461603233e-03 5.216804500847981377e-03 8.613320296193219955e-03 -4.539015894684013917e-03 2.219963065292783477e-02 -2.937076481305176973e-03 -5.261293504584240062e-03 -2.832684461916108037e-03 -2.756332671223558298e-03 -4.773043412933542645e-03 -4.381728380181470171e-03 -2.422985768848347210e-02 -1.067959574724002166e-03 3.997030674084346875e-03 -6.344062674719197319e-03 -9.742023957487019187e-03 -8.099070013266134599e-03 -1.330422680993802089e-03 2.687139673709175967e-04 4.346730921395368027e-03 -9.759320375702817962e-03 1.046710379205740421e-02 2.833564605040625461e-03 2.514028837953393922e-03 2.363200723721570543e-02 -6.291048919923484216e-03 -5.192621649552389002e-03 -3.998003873327200461e-03
2.058104010771395764e-02 -5.871377574375064544e-03 1.054237605203249220e-04 1.079003185099205531e-03 -2.752321253912286443e-03 -8.915691713298827883e-03 -2.976457087151262396e-03 -5.271993286407553048e-03 -4.026274844748933281e-04 -3.339235356797710247e-02 -2.323786725673267998e-03 -5.777960758033985796e-03 -4.161237697764607300e-03 1.031594821206273327e+00 -6.001872728977448827e-03 -4.505220651008565516e-03 -5.089856740119810298e-03 -3.000325047597858247e-03 -2.003188733016077888e-03 -2.666077466449235777e-03 8.081497970044622739e-03 -3.320947993411295807e-03 5.329776426245193266e-03 -4.407906541945016271e-03 -7.340200729722332756e-03 -8.321376045831074732e-04 1.183200617508270436e-02 -2.942002088601936537e-03 -1.095559174270374246e-03 -1.037510801371386085e-03 -4.283096736270098942e-04 -1.006660947976618752e-02 -3.838522475686826870e-04 1.204268101385404244e-02 1.160228145443682399e-02 -8.215593691909202009e-03 -4.756460012809327932e-03 4.860159994349254158e-03 6.582838658677623439e-03 -4.383477281455510255e-04 -3.335568091694519292e-03 -5.456374714869134321e-03 4.350189929318694360e-02 2.717391619171979737e-03 4.880107198095904437e-04 -3.576658335025580983e-03 -1.845917870090872485e-03 -6.001594374290547193e-03 -2.755185857789811243e-03 -7.335465992290019464e-03 -3.296646772565274639e-03 2.493896120087739452e-03 -6.016573216566269144e-03 5.789226262183329915e-04 -1.481204845084743010e-02 -4.743009886643498492e-03 6.288655671974025668e-03 1.644477661700011282e-03 1.985340152702900346e-02 -2.458660029270570008e-03 5.649518312244427437e-03 -2.430635848421933403e-03 -2.294652919483680491e-03 5.210811814279853269e-04 -4.813206064992936917e-04 -1.071498555051876144e-03 -9.617027822663682616e-04 -1.174753232306246023e-03 -1.121435381941484136e-03 -1.318524042313361753e-03 -7.278291427947104503e-04 -1.416805255333968092e-03 -1.036892895626306387e-03 -5.853745502900397149e-04 -1.244432011522127613e-03 -4.549030846519437577e-04 -1.222508030287674467e-03 -9.072197490746262364e-04 -2.121837641845249157e-04 -4.270946701092023811e-04 -5.037601933129828239e-04 -4.868726647387345533e-04 -1.003043103407623296e-03 -6.633693579638267907e-04 -5.583305419177468990e-04 -9.120802545894792814e-04 -1.258509171490620419e-03 -7.528390130061114261e-04 -5.310400937835344165e-04 -3.814692684682248567e-03 -9.098061693041678902e-04 -5.752934349316750351e-04 -8.450787092332997770e-04 1.965811015225333788e-02 -9.335102122432649809e-04 -7.781971530272685945e-04 -1.394788607397367966e-03 -4.168059883662336555e-04 -1.089515356033085060e-03 -7.110562633270296187e-04 -4.650094092116494352e-04 -6.535305245600744536e-04 2.321201308678543396e-03 -1.374017973879378346e-03 -4.425334114860193574e-04 -2.895719219884308835e-03
